1265
1728
1654
1397
1401
1401
1194
1514
666
988
839
1261
953
972
934
1333
1013
1011
1014
1024
860
1211
1371
1372
1056
1537
1635
1179
1664
1665
2549
1827
1983
1410
1873
1543
1364
1209
1472
1069
1209
1212
1054
859
1106
1551
1391
1267
1193
1193
940
729
1452
1893
1122
1169
1355
1154
1144
1240
1718
1847
1367
1725
2641
1882
2592
1993
1911
2677
2226
2068
1923
2067
1450
2155
2414
1986
1428
1568
1266
1064
1333
1358
1653
1357
2211
1899
1366
1855
1702
1528
1237
1821
2156
2182
1573
2253
1804
2196
1328
1828
2181
2457
3162
2730
2365
2348
1752
1903
2120
2351
1713
1472
2020
2332
1171
1268
1749
1224
1341
1136
1193
1317
1810
1452
1965
2020
1934
1959
1900
2863
1678
1148
1370
1610
1868
2032
1521
1553
1433
1551
2321
1599
1826
1235
1258
1511
2445
2631
1911
1743
1296
1289
1061
1529
1687
1156
1314
1025
963
1362
1209
1110
1314
991
1248
941
681
986
798
1125
1033
1515
1239
1565
1810
2621
1566
1925
1589
1590
2110
2595
1214
863
1114
1369
1388
1516
2058
1695
1617
1617
1403
1268
1691
1693
1311
1311
702
875
1198
849
1154
1154
1134
1134
1905
2513
1681
1839
2186
2308
1557
1519
1328
1510
1231
1133
1243
1019
1560
1561
2364
1687
1538
1221
1186
1552
2276
1591
1096
1399
1426
1731
1720
1721
2402
1951
2287
2287
2259
2297
1344
1516
1951
1663
2432
2758
1890
1571
1490
1544
1893
1438
1392
1446
1597
2115
1593
1369
1530
2015
1894
1861
2067
1804
1571
1571
2272
1905
2360
2227
2123
1936
1839
2406
1480
1822
2181
2199
1755
2232
2722
3011
2680
3108
2034
1377
1646
1360
1674
1597
1659
2279
2644
2097
2532
2329
2624
2224
2150
1957
1756
2569
1803
1509
2503
2503
2686
2819
1684
1987
1876
1803
2217
1891
1515
1198
1631
2006
1902
1744
2032
1418
1713
2121
1927
1559
1653
1825
1409
1485
1765
1536
1539
1575
1528
1861
2099
2099
2259
2239
2178
1998
1916
1879
1892
1392
2013
2889
1604
1452
909
1222
920
919
1052
1087
2054
1846
1780
1799
1542
1541
1311
1613
1411
1016
1403
1823
1154
792
1052
884
1392
1730
1547
2265
1273
1645
1723
1283
2632
2320
3088
2769
3546
5140
2700
3462
2856
2480
2848
1932
1883
2637
3220
2472
1657
2195
2094
2363
2758
2758
2628
2890
1478
2028
2056
1514
2244
2279
1815
1675
1808
1800
2220
2227
1682
1728
2193
1754
2846
4005
2380
2489
3221
3403
2359
2360
2114
2754
1878
1900
2311
2201
2183
2444
2230
2203
3293
2845
2821
2164
1888
2638
2138
1410
1797
2484
2360
2363
2349
2350
2281
3427
1721
2393
2022
2487
2352
3301
3855
2673
2845
2184
2553
2888
3061
3061
3507
4326
2954
2954
4092
5513
3214
3263
2728
2801
3432
3118
2274
2169
1877
2569
1534
1680
2162
2374
2197
2196
2305
2528
4124
3345
2907
3855
4286
3407
3234
3505
4167
2903
3514
4361
2634
2331
2211
2844
31
41
24
23
19
21
31
26
38
24
34
36
32
43
49
41
28
42
41
38
15
31
37
36
22
29
29
25
34
30
31
27
37
43
33
43
26
18
36
40
18
44
36
29
45
37
33
41
43
42
42
55
44
38
22
51
42
43
30
21
35
36
47
37
55
38
42
27
37
36
26
38
40
40
51
51
40
36
30
39
28
34
22
27
25
30
43
22
53
50
25
41
33
30
35
24
46
28
35
33
21
31
32
35
40
39
49
29
29
45
29
37
45
31
33
37
28
35
42
42
48
48
44
42
44
40
35
38
33
30
32
32
51
45
43
40
52
44
37
41
49
53
44
49
34
33
36
41
41
50
32
49
40
34
43
63
45
38
44
34
42
33
34
38
36
43
41
26
43
29
53
35
34
45
42
52
38
35
33
26
39
43
32
23
28
39
24
33
36
46
20
39
35
49
60
47
64
28
44
48
54
36
47
44
38
40
47
28
47
47
33
35
46
46
46
47
39
42
54
50
48
40
36
40
34
40
40
43
54
51
47
45
45
47
55
47
44
62
63
57
52
52
38
35
37
35
46
43
51
36
55
47
65
53
44
56
33
53
50
30
48
22
48
48
61
19
50
35
42
33
62
57
52
80
50
60
39
55
47
59
55
42
64
62
64
54
34
57
56
53
66
52
51
47
51
38
45
34
37
48
43
65
47
64
48
59
38
46
52
55
53
52
48
62
40
47
48
45
60
49
56
58
53
47
58
56
66
57
50
62
57
66
54
48
67
51
65
65
36
59
49
68
59
42
38
44
51
60
32
36
49
58
73
91
92
71
59
72
54
36
32
62
70
63
68
48
73
76
61
72
65
57
66
49
58
67
60
71
52
64
99
99
67
64
61
53
53
81
77
62
59
73
90
64
84
86
75
90
94
41
88
68
99
73
66
62
96
66
59
71
112
43
73
64
75
69
71
94
93
91
84
87
106
73
61
88
74
93
52
81
56
71
86
94
79
80
103
99
107
83
67
102
98
47
89
38
82
111
61
100
91
95
125
109
95
117
130
110
84
88
105
85
119
57
126
108
123
127
122
89
105
74
143
111
84
126
149
104
128
161
137
113
176
178
125
81
101
116
221
117
189
136
175
186
174
174
241
277
186
153
191
212
356
331
376
320
395
485
257
729
782
