1019
1019
1131
1679
1805
1808
1791
1681
1304
1195
1732
1731
875
1288
1192
978
714
1085
1061
770
1268
1100
1057
1217
838
768
835
949
1217
1185
1454
1047
808
1163
1479
1067
1257
1257
1954
1673
1298
1264
1404
1203
1453
949
1289
1115
1852
1265
1404
1702
1821
2293
2273
2157
1589
1891
1945
1299
2541
2316
2363
2163
1045
1358
1948
1501
1383
1954
1407
1055
1820
1634
1302
1302
1340
1074
1482
1437
1883
1368
1110
1111
1732
1688
1528
2104
1729
2541
1971
1560
2643
2614
1955
1956
2910
3004
2918
3009
3757
2505
3003
2552
2124
1904
1983
1932
3554
2683
1813
2456
1661
1297
1624
1649
1983
1770
1502
2106
1903
1482
1546
2036
1690
2517
2142
2141
3265
2411
2555
1820
3212
3294
2451
2170
1288
1364
1933
1541
1485
2151
2457
1982
2136
3211
1726
2180
1893
1554
2255
1810
1907
2436
1700
1384
1358
1402
1049
1168
3761
3852
2315
3387
3118
3152
2182
2594
2726
3431
5077
4085
4187
3477
3252
4410
3786
3786
2723
3083
2371
2371
2385
2219
2704
3243
2266
2000
1903
1313
1994
1872
1613
2080
2060
1826
2534
2786
1700
2186
1925
2282
1729
2139
1688
1687
964
1295
2456
2812
2517
2895
2170
3219
2739
2058
3253
2876
3303
2849
2445
2583
1622
1883
1891
2425
1942
2521
1624
1890
1797
1510
3027
3512
3115
3516
2204
3130
2127
1677
3687
3686
2538
2706
3881
3818
3015
2888
3157
3279
2813
1933
2625
2492
3196
2294
2536
2200
2044
2195
2699
2448
2400
1655
1979
1522
1178
1507
1654
1653
1491
1965
2938
3644
3000
3149
2699
2741
2505
2470
3285
2393
2748
3999
2511
1806
2969
2981
2144
1795
2940
2438
1468
1348
1457
2072
1754
1832
1473
1473
1700
1489
1760
1445
1511
1943
2030
1410
1618
1421
1294
1277
1333
1262
1907
1724
1741
1534
1708
1350
1713
1530
2006
1406
1326
1327
1990
1989
1454
1252
1696
1515
1411
1409
1887
2084
1185
997
990
1492
1512
1191
1615
1103
1492
1439
1296
1627
1874
1308
1519
1519
1321
1205
1667
1095
1956
1899
1359
1583
1584
1641
1349
1870
1401
1700
1028
1523
1223
1224
1589
1607
1670
1396
1136
1466
1978
1333
2242
1988
999
1428
1549
1290
1019
1261
1612
1611
1390
1804
1432
1965
1906
1826
2100
1451
1646
2458
1597
1523
1901
1644
2477
1746
1173
1088
1403
1515
1867
1609
2401
2247
1107
1470
1546
1440
1653
1550
1920
2043
2198
1897
1756
1177
1776
2119
1826
1207
1755
1756
1968
1420
3045
2117
2221
1547
1984
1428
1338
1222
1173
1637
1357
1212
1449
1797
1965
1965
2027
1548
1886
2239
1821
1633
1906
1340
1756
1944
1859
1707
1391
1797
1483
1596
1563
1100
1542
1116
1134
1029
1630
1630
1231
1446
1301
950
807
1011
1067
927
1387
1999
1533
1772
1765
1859
2341
1836
2931
2247
2938
2491
2486
3423
2131
2409
1187
1564
1244
1500
1621
1422
1345
1827
1425
1324
1863
2003
2202
1699
1886
1356
26
28
50
50
29
33
26
19
37
23
33
24
31
25
33
37
35
28
39
36
28
37
29
27
21
33
47
28
33
35
49
50
24
27
35
37
42
29
37
42
20
35
51
37
37
32
40
41
36
31
43
52
26
41
64
43
32
39
37
49
35
33
51
47
42
46
40
52
40
41
47
37
38
38
39
43
39
34
26
32
57
43
53
52
50
68
61
63
61
55
47
52
42
47
46
31
23
36
53
27
26
49
35
40
48
48
34
64
69
46
40
42
47
40
43
39
43
58
45
34
52
45
46
55
38
46
51
42
45
35
46
36
45
51
26
40
45
54
47
51
50
61
43
34
39
57
42
35
39
44
47
33
37
39
27
37
37
36
42
33
32
40
39
37
29
38
38
33
29
30
25
20
29
36
37
39
24
31
40
47
39
46
32
30
44
40
41
30
36
40
34
30
25
43
40
41
25
38
42
28
43
43
21
37
29
39
27
25
32
54
32
37
46
34
48
48
49
36
47
25
25
31
33
42
40
18
42
31
45
38
41
42
33
38
29
35
41
28
32
21
31
56
40
43
38
42
51
38
30
36
32
39
47
38
47
37
62
19
49
48
38
51
37
51
56
48
47
44
46
67
76
56
61
52
61
61
35
62
52
73
70
65
57
38
52
56
75
46
54
79
53
53
65
41
55
49
67
59
55
114
62
64
70
66
51
72
55
50
51
82
74
34
55
43
75
47
56
90
61
60
65
70
44
44
80
77
64
71
45
57
43
59
47
61
43
41
60
57
56
53
51
56
54
45
55
39
31
55
47
49
73
52
47
42
57
53
55
36
66
54
50
59
44
56
58
54
50
41
64
53
61
42
51
48
30
49
58
51
70
60
53
53
58
45
67
53
70
43
68
62
70
108
63
60
93
54
116
80
81
62
76
82
85
75
131
116
97
73
81
76
50
123
69
96
126
121
67
88
77
94
76
74
91
79
65
55
47
67
77
86
82
62
78
77
39
72
52
86
61
87
73
80
46
77
91
96
74
93
57
106
100
108
74
87
134
83
148
111
163
150
77
154
120
80
135
145
90
116
135
103
78
113
94
111
88
104
91
117
101
107
137
151
114
218
99
145
168
185
141
190
119
157
133
172
121
189
255
307
253
170
238
281
278
284
430
427
363
314
260
654
774
