774
654
314
284
189
107
93
45
37
1356
1886
47
1699
2202
58
38
2003
1863
47
1324
1425
74
53
39
1827
1345
32
1422
1621
53
36
1500
1244
30
1564
1187
101
96
60
38
2409
2131
51
3423
2486
70
42
2491
2938
38
2247
2931
91
51
43
1836
2341
40
1859
1765
58
56
1772
1533
31
1999
1387
121
117
77
49
21
927
1067
32
1011
807
30
28
950
1301
41
1446
1231
46
48
35
1630
1630
29
1029
1134
51
38
1116
1542
33
1100
1563
91
80
42
42
1596
1483
41
1797
1391
61
38
1707
1859
45
1944
1756
73
53
31
1340
1906
42
1633
1821
64
18
2239
1886
40
1548
2027
278
172
104
87
41
42
1965
1965
33
1797
1449
50
31
1212
1357
25
1637
1173
61
54
25
1222
1338
47
1428
1984
58
36
1547
2221
49
2117
3045
88
86
56
48
1420
1968
48
1756
1755
44
34
1207
1826
46
2119
1776
52
59
37
1177
1756
32
1897
2198
50
54
2043
1920
32
1550
1653
133
111
72
54
25
1440
1546
27
1470
1107
66
39
2247
2401
29
1609
1867
39
36
37
1515
1403
21
1088
1173
55
43
1746
2477
43
1644
1901
94
77
53
28
1523
1597
42
2458
1646
57
38
1451
2100
25
1826
1906
78
42
41
1965
1432
40
1804
1390
47
43
1611
1612
25
1261
1019
363
281
157
113
62
52
30
1290
1549
34
1428
999
73
40
1988
2242
36
1333
1978
82
49
30
1466
1136
41
1396
1670
47
40
1607
1589
44
1224
1223
78
86
55
30
1523
1028
32
1700
1401
31
46
1870
1349
39
1641
1584
77
39
47
1583
1359
40
1899
1956
55
31
1095
1667
24
1205
1321
119
103
67
45
39
1519
1519
37
1308
1874
54
36
1627
1296
29
1439
1492
47
56
20
1103
1615
25
1191
1512
51
30
1492
990
29
997
1185
135
55
53
33
2084
1887
38
1409
1411
56
38
1515
1696
29
1252
1454
65
57
37
1989
1990
39
1327
1326
60
40
1406
2006
32
1530
1713
238
190
116
79
41
33
1350
1708
42
1534
1741
43
36
1724
1907
37
1262
1333
91
61
37
1277
1294
27
1421
1618
47
39
1410
2030
37
1943
1511
90
74
59
33
1445
1760
47
1489
1700
43
44
1473
1473
39
1832
1754
76
57
35
2072
1457
42
1348
1468
45
57
2438
2940
39
1795
2144
141
145
94
71
34
2981
2969
43
1806
2511
64
61
3999
2748
50
2393
3285
77
77
51
2470
2505
47
2741
2699
80
54
3149
3000
45
3644
2938
135
88
44
40
1965
1491
26
1653
1654
44
51
1507
1178
45
1522
1979
67
70
36
1655
2400
46
2448
2699
65
35
2195
2044
45
2200
2536
260
427
170
185
80
121
60
42
2294
3196
51
2492
2625
61
46
1933
2813
38
3279
3157
126
90
55
2888
3015
46
3818
3881
56
45
2706
2538
52
3686
3687
120
96
47
34
1677
2127
45
3130
2204
75
58
3516
3115
43
3512
3027
69
43
39
1510
1797
43
1890
1624
55
40
2521
1942
47
2425
1891
168
154
123
34
42
1883
1622
40
2583
2445
74
46
2849
3303
69
2876
3253
50
82
64
2058
2739
34
3219
2170
51
48
2895
2517
48
2812
2456
77
76
50
40
1295
964
35
1687
1688
55
49
2139
1729
26
2282
1925
81
72
27
2186
1700
53
2786
2534
51
36
1826
2060
23
2080
1613
253
145
150
73
66
31
1872
1994
46
1313
1903
70
47
2000
2266
42
3243
2704
97
64
52
2219
2385
47
2371
2371
62
55
3083
2723
61
3786
3786
163
116
114
63
4410
3252
61
3477
4187
55
68
4085
5077
50
3431
2726
131
59
52
2594
2182
53
3152
3118
67
43
3387
2315
57
3852
3761
99
111
75
49
32
1168
1049
26
1402
1358
55
34
1384
1700
39
2436
1907
85
41
43
1810
2255
39
1554
1893
65
38
2180
1726
38
3211
2136
148
82
53
37
1982
2457
47
2151
1485
53
41
1541
1933
40
1364
1288
76
79
52
2170
2451
40
3294
3212
54
46
1820
2555
42
2411
3265
430
307
218
83
62
46
47
2141
2142
51
2517
1690
75
33
2036
1546
35
1482
1903
81
56
49
2106
1502
37
1770
1983
52
39
1649
1624
32
1297
1661
134
80
38
43
2456
1813
64
2683
3554
57
41
1932
1983
26
1904
2124
116
65
52
2552
3003
43
2505
3757
70
31
3009
2918
36
3004
2910
114
87
54
73
41
1956
1955
40
2614
2643
52
32
1560
1971
37
2541
1729
93
62
37
2104
1528
51
1688
1732
35
35
1111
1110
20
1368
1883
74
60
61
42
1437
1482
37
1074
1340
61
29
1302
1302
42
1634
1820
63
52
37
1055
1407
35
1954
1383
61
27
1501
1948
24
1358
1045
255
151
108
108
56
50
2163
2363
49
2316
2541
76
35
1299
1945
33
1891
1589
70
67
28
2157
2273
47
2293
1821
46
33
1702
1404
21
1265
1852
100
62
44
27
1115
1289
29
949
1453
47
37
1203
1404
28
1264
1298
68
48
36
1673
1954
39
1257
1257
56
28
1067
1479
35
1163
808
137
106
43
51
37
1047
1454
33
1185
1217
37
25
949
835
31
768
838
70
51
24
1217
1057
33
1100
1268
38
23
770
1061
37
1085
714
57
53
48
19
978
1192
26
1288
875
49
33
1731
1732
29
1195
1304
67
19
50
1681
1791
50
1808
1805
62
28
1679
1131
26
1019
1019
