1863
1868
36
1684
2230
29
61
1246
1241
30
1540
1684
32
48
56
945
1404
38
1389
1874
36
54
1474
1674
37
1239
1242
29
46
84
115
1633
2318
53
1460
1462
45
60
1140
1110
31
1262
1283
32
38
76
1454
1213
36
1487
1997
40
40
1547
1200
37
1688
1793
36
41
98
94
161
1645
1401
47
1444
980
27
42
1008
1186
31
1542
1625
27
53
89
1964
1600
30
1440
2119
36
58
1242
1500
32
1874
1559
28
56
67
105
1555
1637
34
1729
1561
30
50
1377
1446
25
1345
1550
41
47
73
1222
1382
32
1484
1931
33
56
1642
1530
31
1584
1581
38
54
59
125
102
283
1510
1623
21
1448
1645
41
60
1230
1612
23
1329
1270
34
47
73
1553
1893
34
999
1370
33
45
1467
1350
41
967
1275
28
54
67
119
1270
1329
36
1720
1796
41
57
1185
1390
27
1223
1823
39
40
90
1438
1589
33
1248
1775
40
47
1597
2194
44
1849
1848
51
46
92
79
176
824
979
30
1328
1060
26
40
1065
1054
26
971
1302
32
51
30
1196
1518
35
1410
1774
34
48
1328
1604
36
1591
1628
38
41
83
108
1668
1669
26
1480
1840
40
58
1816
1638
44
1636
2035
42
43
80
2248
2141
38
1463
1699
31
48
2454
1931
38
1422
1804
28
75
91
130
167
232
287
3014
2083
47
1736
1736
49
45
1802
1979
42
2216
3297
43
57
96
3248
3668
48
2834
3481
46
71
3263
2788
61
3070
2983
45
86
92
121
1216
1347
36
1494
1723
32
42
2144
1483
35
2533
2526
48
46
94
2301
1560
30
1650
1623
34
47
2060
2847
41
1610
1975
35
60
68
144
180
1072
1316
37
1747
1820
26
53
2568
2185
39
1874
1952
33
64
68
1818
1859
51
1582
1344
47
34
1401
1349
27
1426
1475
28
57
80
139
1934
1660
39
1156
1583
29
48
2120
1533
41
1407
1407
37
41
74
1656
1656
46
1402
1659
36
54
1491
1736
45
2497
2169
43
52
66
131
138
299
1111
1516
37
1443
1099
30
46
1456
2138
49
1460
2005
24
72
67
1052
1251
34
1290
1276
30
46
1647
1259
40
1268
1588
21
67
52
119
2197
2228
46
1584
1383
33
55
2052
1683
36
1251
1483
34
55
85
1451
2024
47
2448
2584
36
62
2489
2367
48
3645
2940
50
69
72
121
143
1655
1945
35
2195
1492
43
56
1280
1280
34
1517
1257
32
19
69
1875
2614
46
2356
2183
45
72
1527
1690
17
2042
1672
43
71
78
121
2244
2879
37
2349
2357
46
64
2800
2358
51
3014
2874
38
49
91
1548
2309
34
2185
2100
39
61
2077
1954
44
1996
2037
41
55
50
103
163
244
367
665
2236
2096
47
2212
2046
44
68
2175
2674
36
1463
2152
36
59
40
1883
1284
18
2112
2285
50
50
2208
2065
33
2643
2716
55
56
88
114
2070
2041
40
1633
2438
21
61
1104
1540
39
1193
1636
22
44
67
1556
1996
37
1319
1346
41
34
1979
2034
31
1747
1739
47
50
81
117
137
1351
940
28
1685
1611
45
48
1432
1197
23
1673
1662
46
61
71
1180
846
25
1470
1353
32
36
1457
1672
46
2143
1542
35
47
66
89
918
886
35
1165
1534
25
41
1503
1516
27
1172
954
28
23
82
1566
1199
42
1481
1849
48
53
1443
1736
22
1957
2478
57
35
79
102
141
283
1111
1226
32
1253
1437
46
51
1718
1767
47
2222
1600
29
63
80
2156
2235
35
1771
1244
46
63
1886
2412
44
2074
2232
36
70
86
88
1183
987
30
1365
1365
38
50
1231
893
30
935
1329
26
37
80
1206
1621
27
1269
1114
23
49
1405
1076
32
1622
1575
29
57
57
76
117
1946
1525
47
1573
2266
23
45
1640
1677
33
1611
1735
24
40
68
1987
2894
51
2461
2043
43
58
3547
2767
48
2840
1927
32
72
112
136
1061
1114
21
904
1260
31
51
1542
1442
46
1514
1374
33
35
59
2045
2065
49
1983
2635
46
62
1428
1779
40
1397
1331
31
43
83
97
158
297
432
1570
2058
35
1714
2047
39
58
2052
1647
41
1886
1796
33
63
85
1857
2679
37
2293
1668
40
38
3483
3321
70
2039
2787
48
52
67
73
2198
2197
53
3705
2760
25
76
2746
2714
43
2150
2305
53
57
59
2909
2337
46
2642
2643
61
64
1869
1929
35
2600
2025
37
50
114
130
183
1865
2014
35
1487
2140
33
68
2324
1583
34
1838
1781
31
50
93
1459
1062
38
1378
1143
22
55
1775
1645
37
2062
1369
43
55
53
112
2720
2096
43
2968
3019
30
77
2121
1824
45
2932
2179
35
64
67
1627
2353
37
1914
1761
37
50
1905
1911
44
1820
2705
40
62
100
157
103
202
3735
2786
55
2214
2373
26
40
2906
2793
66
3870
4207
47
87
133
3156
2521
59
3927
3601
65
98
3885
4215
73
3883
2923
66
30
89
153
2137
2094
52
2237
2017
30
57
2576
3410
63
3111
3106
37
79
98
1556
1551
30
1603
2141
36
68
2018
2370
39
2221
1982
45
58
61
146
150
3349
3262
56
3643
2830
35
81
4778
5200
70
4573
3934
66
77
117
3413
3065
40
2485
3720
38
72
1846
2137
39
2555
2325
34
65
121
94
2933
2788
51
2521
2522
43
61
2541
3056
45
2910
2254
31
67
84
1657
1809
34
1999
1999
49
41
1807
2348
37
1614
1411
25
50
81
105
168
207
437
257
774
